172
2 0 1
2 3 5
2 6 7
2 8 10
2 11 12
2 13 14
2 15 16
2 17 18
2 19 20
2 21 22
2 23 24
2 25 26
2 27 28
2 29 31
2 32 33
2 34 35
2 36 38
2 40 41
2 42 43
2 44 45
2 46 47
2 48 49
2 50 51
2 52 53
2 54 55
2 56 57
2 58 59
2 60 61
2 63 64
2 65 66
2 67 68
2 69 70
2 71 72
2 73 75
2 76 77
2 78 79
2 80 81
2 82 83
2 84 85
2 86 87
2 88 89
2 90 91
2 92 93
2 95 96
2 97 98
2 99 100
2 101 103
2 104 105
2 106 107
2 108 109
2 110 111
2 112 113
2 114 115
2 116 117
2 118 119
2 120 121
2 122 123
2 124 125
2 126 127
2 128 129
2 130 131
2 132 133
2 134 135
2 136 137
2 138 139
3 140 141 142
3 143 144 145
3 146 147 148
3 149 150 151
3 152 153 154
3 155 156 157
3 158 159 160
3 161 162 163
3 164 165 166
3 167 168 169
3 170 171 172
3 173 174 175
3 176 177 178
3 179 180 181
3 182 183 184
3 185 186 187
3 188 189 190
3 191 192 193
3 194 195 196
3 197 198 199
3 200 201 202
3 203 204 205
3 206 207 208
3 209 210 211
3 212 213 214
3 215 216 217
3 218 219 220
3 221 222 223
3 224 225 226
3 227 228 229
3 230 231 232
3 233 234 235
3 236 237 238
3 239 240 241
3 242 243 244
3 245 246 247
3 248 249 250
3 251 252 253
3 254 255 256
3 257 258 259
3 260 261 262
3 263 264 265
3 266 267 268
3 269 270 271
3 272 273 274
3 275 276 277
3 278 279 280
3 281 282 283
3 284 285 286
3 287 288 289
3 290 291 292
3 293 294 295
3 296 297 298
3 299 300 301
3 302 303 304
3 305 306 307
3 308 309 310
3 311 312 313
3 314 315 316
3 317 318 319
4 320 321 322 323
4 324 325 326 327
4 328 329 330 331
4 332 333 334 335
4 336 337 338 339
4 340 341 342 343
4 344 345 346 347
4 348 349 350 351
4 352 353 354 355
4 356 357 358 359
4 360 361 362 363
4 364 365 366 367
4 368 369 370 371
4 372 373 374 375
4 376 377 378 379
4 380 381 382 383
4 384 385 386 387
4 388 389 390 391
4 392 393 394 395
4 396 397 398 399
4 400 401 402 403
4 404 405 406 407
4 408 409 410 411
4 412 413 414 415
4 416 417 418 419
4 420 421 422 423
4 424 425 426 427
4 428 429 430 431
4 432 433 434 435
4 436 437 438 439
4 440 441 442 443
4 444 445 446 447
4 448 449 450 451
4 452 453 454 455
4 456 457 458 459
4 460 461 462 463
4 464 465 466 467
4 468 469 470 471
4 472 473 474 475
4 476 477 478 479
4 480 481 482 483
4 484 485 486 487
4 488 489 490 491
4 492 493 494 495
4 496 497 498 499
4 2 4 9 30
4 37 39 62 74