1628
2 0 1
2 2 3
2 4 6
2 7 8
2 9 10
2 11 12
2 13 16
2 17 18
2 20 22
2 23 24
2 25 27
2 28 30
2 31 32
2 33 34
2 37 38
2 39 40
2 41 44
2 45 47
2 49 51
2 53 54
2 55 56
2 57 58
2 59 60
2 61 62
2 63 64
2 65 66
2 67 68
2 69 70
2 71 72
2 74 76
2 77 78
2 81 82
2 83 85
2 86 87
2 89 93
2 94 96
2 97 101
2 103 105
2 106 107
2 108 110
2 111 112
2 114 115
2 117 118
2 120 121
2 123 124
2 128 130
2 131 132
2 133 136
2 137 138
2 139 140
2 142 143
2 144 145
2 146 147
2 148 149
2 150 151
2 152 153
2 154 156
2 157 158
2 159 160
2 161 162
2 163 164
2 165 168
2 169 170
2 171 172
2 173 174
2 175 176
2 177 178
2 179 180
2 181 182
2 183 184
2 185 186
2 188 189
2 190 191
2 192 193
2 194 195
2 196 197
2 198 199
2 200 201
2 202 203
2 204 206
2 207 208
2 209 210
2 211 213
2 214 215
2 216 217
2 218 219
2 220 221
2 222 224
2 225 226
2 227 228
2 229 230
2 234 235
2 236 237
2 238 240
2 241 242
2 244 245
2 249 250
2 251 252
2 253 254
2 255 256
2 257 258
2 260 262
2 263 264
2 267 268
2 269 270
2 271 272
2 273 274
2 275 278
2 279 280
2 281 283
2 284 287
2 288 289
2 290 291
2 292 293
2 294 296
2 297 298
2 299 300
2 301 302
2 303 304
2 305 306
2 307 308
2 309 311
2 312 313
2 314 315
2 316 318
2 319 321
2 322 323
2 325 326
2 328 329
2 332 333
2 335 336
2 338 341
2 342 343
2 346 347
2 348 349
2 352 355
2 356 358
2 359 360
2 361 362
2 365 367
2 370 371
2 372 373
2 374 376
2 378 379
2 380 381
2 383 384
2 385 388
2 390 392
2 393 394
2 395 396
2 398 401
2 402 403
2 404 405
2 406 407
2 409 410
2 411 412
2 413 414
2 415 417
2 418 419
2 421 422
2 423 424
2 425 427
2 428 430
2 431 432
2 433 434
2 435 437
2 439 441
2 443 444
2 446 448
2 449 450
2 451 452
2 453 456
2 457 458
2 459 461
2 462 463
2 464 465
2 466 467
2 468 471
2 472 473
2 475 477
2 478 480
2 481 482
2 483 485
2 486 487
2 489 491
2 492 493
2 496 498
2 499 500
2 502 505
2 507 508
2 509 510
2 511 512
2 513 514
2 515 516
2 517 519
2 520 521
2 522 523
2 525 526
2 527 529
2 530 531
2 532 533
2 534 536
2 537 538
2 540 541
2 542 544
2 545 546
2 549 550
2 554 555
2 556 558
2 559 562
2 565 566
2 567 568
2 571 572
2 573 574
2 575 576
2 577 579
2 581 582
2 583 586
2 587 589
2 590 591
2 593 594
2 596 597
2 598 600
2 602 603
2 604 605
2 606 607
2 608 609
2 610 611
2 612 613
2 615 616
2 618 620
2 621 622
2 623 626
2 627 628
2 629 630
2 631 632
2 633 634
2 635 636
2 637 638
2 639 640
2 641 642
2 643 644
2 645 646
2 648 649
2 651 652
2 653 654
2 656 658
2 659 660
2 662 666
2 668 669
2 670 671
2 672 673
2 674 675
2 676 677
2 678 682
2 683 684
2 686 687
2 688 689
2 690 691
2 692 693
2 695 696
2 697 698
2 700 703
2 704 706
2 708 709
2 711 714
2 717 719
2 720 723
2 725 726
2 727 728
2 729 730
2 733 734
2 735 736
2 737 738
2 739 740
2 741 745
2 746 749
2 750 752
2 753 756
2 757 759
2 760 761
2 763 764
2 765 766
2 767 768
2 769 771
2 773 774
2 775 776
2 777 778
2 780 781
2 782 784
2 786 789
2 791 792
2 793 794
2 795 796
2 797 798
2 799 800
2 801 802
2 803 804
2 805 806
2 808 809
2 810 811
2 812 814
2 815 818
2 819 820
2 821 822
2 823 825
2 826 827
2 828 829
2 831 832
2 833 834
2 835 836
2 837 839
2 840 842
2 844 845
2 846 847
2 848 849
2 850 854
2 856 858
2 859 860
2 862 863
2 864 865
2 866 867
2 868 870
2 871 872
2 875 876
2 877 880
2 881 883
2 884 885
2 886 887
2 888 889
2 892 893
2 894 895
2 896 898
2 899 900
2 901 902
2 903 904
2 906 907
2 908 909
2 910 911
2 912 915
2 916 917
2 919 920
2 921 922
2 923 924
2 926 928
2 930 931
2 934 935
2 936 937
2 938 939
2 940 942
2 947 948
2 949 950
2 953 954
2 955 956
2 957 958
2 959 960
2 961 962
2 964 965
2 966 967
2 968 970
2 972 973
2 974 976
2 977 978
2 982 983
2 984 986
2 987 988
2 990 992
2 995 996
2 997 998
2 999 1000
2 1001 1002
2 1004 1005
2 1006 1009
2 1010 1012
2 1013 1015
2 1016 1020
2 1021 1022
2 1023 1027
2 1029 1031
2 1032 1035
2 1036 1037
2 1039 1040
2 1042 1043
2 1044 1045
2 1046 1047
2 1049 1050
2 1052 1054
2 1055 1056
2 1057 1058
2 1059 1060
2 1061 1062
2 1063 1064
2 1065 1066
2 1068 1070
2 1071 1073
2 1074 1075
2 1077 1078
2 1079 1080
2 1081 1082
2 1083 1084
2 1085 1086
2 1087 1090
2 1091 1093
2 1094 1095
2 1096 1097
2 1099 1100
2 1101 1102
2 1105 1106
2 1107 1109
2 1110 1111
2 1113 1114
2 1115 1116
2 1117 1118
2 1119 1120
2 1122 1127
2 1129 1130
2 1131 1132
2 1133 1134
2 1135 1136
2 1137 1138
2 1139 1140
2 1141 1142
2 1145 1146
2 1147 1148
2 1149 1151
2 1152 1153
2 1154 1157
2 1158 1159
2 1160 1161
2 1162 1164
2 1165 1166
2 1167 1168
2 1170 1171
2 1172 1174
2 1176 1177
2 1178 1179
2 1180 1181
2 1182 1183
2 1184 1186
2 1187 1188
2 1189 1190
2 1191 1192
2 1194 1195
2 1196 1197
2 1198 1199
2 1200 1201
2 1202 1203
2 1205 1206
2 1207 1208
2 1209 1210
2 1211 1212
2 1214 1216
2 1217 1218
2 1219 1220
2 1221 1224
2 1225 1226
2 1227 1228
2 1230 1231
2 1233 1234
2 1235 1237
2 1238 1243
2 1248 1249
2 1250 1252
2 1253 1254
2 1256 1258
2 1259 1260
2 1261 1263
2 1265 1266
2 1270 1271
2 1273 1275
2 1276 1277
2 1278 1279
2 1282 1283
2 1284 1285
2 1286 1287
2 1288 1289
2 1290 1291
2 1292 1295
2 1296 1297
2 1298 1299
2 1302 1303
2 1305 1306
2 1307 1308
2 1311 1313
2 1315 1316
2 1317 1318
2 1319 1320
2 1321 1322
2 1323 1324
2 1326 1327
2 1328 1329
2 1330 1331
2 1332 1333
2 1335 1336
2 1337 1339
2 1340 1341
2 1344 1345
2 1346 1347
2 1348 1349
2 1350 1351
2 1353 1355
2 1357 1358
2 1359 1361
2 1364 1369
3 1371 1372 1374
3 1376 1377 1378
3 1381 1382 1383
3 1385 1388 1389
3 1391 1393 1395
3 1396 1399 1400
3 1401 1402 1403
3 1404 1405 1406
3 1407 1409 1410
3 1411 1412 1413
3 1414 1415 1416
3 1418 1422 1423
3 1424 1426 1427
3 1429 1430 1433
3 1435 1436 1437
3 1438 1439 1440
3 1443 1444 1445
3 1447 1450 1452
3 1453 1454 1459
3 1460 1461 1462
3 1464 1465 1466
3 1467 1469 1470
3 1471 1474 1475
3 1476 1477 1478
3 1479 1480 1483
3 1484 1485 1487
3 1488 1491 1492
3 1494 1495 1496
3 1497 1499 1501
3 1502 1503 1504
3 1505 1506 1507
3 1508 1509 1510
3 1511 1512 1513
3 1514 1515 1516
3 1517 1518 1519
3 1521 1522 1523
3 1524 1525 1526
3 1527 1528 1529
3 1530 1531 1532
3 1533 1534 1535
3 1536 1538 1539
3 1540 1541 1542
3 1544 1546 1547
3 1549 1550 1551
3 1552 1553 1554
3 1555 1556 1557
3 1558 1559 1561
3 1562 1563 1564
3 1567 1568 1569
3 1570 1571 1572
3 1574 1575 1576
3 1578 1579 1580
3 1581 1582 1583
3 1584 1585 1586
3 1587 1588 1589
3 1590 1591 1593
3 1594 1595 1597
3 1598 1599 1601
3 1606 1608 1609
3 1610 1611 1612
3 1613 1614 1615
3 1616 1618 1619
3 1620 1621 1622
3 1624 1625 1626
3 1627 1628 1631
3 1632 1633 1634
3 1635 1636 1638
3 1639 1640 1642
3 1645 1646 1647
3 1648 1649 1650
3 1652 1653 1654
3 1655 1656 1658
3 1661 1663 1664
3 1665 1667 1668
3 1669 1671 1673
3 1677 1678 1679
3 1681 1683 1684
3 1685 1686 1688
3 1690 1691 1693
3 1694 1695 1696
3 1698 1699 1700
3 1701 1703 1704
3 1705 1706 1707
3 1708 1709 1711
3 1712 1713 1714
3 1716 1717 1718
3 1720 1723 1724
3 1725 1726 1727
3 1728 1729 1731
3 1732 1734 1735
3 1737 1740 1741
3 1742 1743 1744
3 1745 1747 1749
3 1750 1751 1753
3 1754 1755 1756
3 1761 1762 1763
3 1764 1765 1766
3 1767 1768 1770
3 1774 1775 1777
3 1778 1781 1783
3 1787 1788 1789
3 1793 1796 1799
3 1800 1801 1802
3 1803 1804 1805
3 1806 1807 1808
3 1809 1810 1811
3 1812 1813 1814
3 1817 1818 1819
3 1820 1821 1822
3 1824 1825 1826
3 1827 1829 1830
3 1831 1832 1833
3 1835 1836 1837
3 1838 1839 1840
3 1841 1843 1845
3 1846 1847 1848
3 1849 1850 1851
3 1852 1853 1854
3 1856 1857 1858
3 1859 1860 1861
3 1862 1864 1865
3 1866 1867 1868
3 1869 1870 1872
3 1873 1874 1876
3 1877 1878 1880
3 1881 1882 1883
3 1884 1885 1886
3 1888 1889 1890
3 1891 1892 1895
3 1897 1898 1899
3 1902 1904 1905
3 1908 1909 1911
3 1912 1915 1917
3 1918 1920 1922
3 1923 1924 1928
3 1929 1930 1931
3 1932 1933 1934
3 1935 1936 1937
3 1939 1941 1942
3 1943 1944 1946
3 1947 1948 1949
3 1951 1952 1953
3 1954 1955 1956
3 1958 1959 1961
3 1963 1964 1965
3 1968 1969 1970
3 1971 1972 1973
3 1975 1976 1978
3 1979 1980 1981
3 1982 1983 1984
3 1985 1986 1987
3 1988 1989 1992
3 1993 1994 1995
3 1996 1998 1999
3 2000 2001 2002
3 2006 2007 2008
3 2009 2010 2011
3 2012 2013 2016
3 2018 2019 2020
3 2022 2023 2024
3 2025 2026 2028
3 2029 2030 2033
3 2035 2036 2038
3 2039 2042 2043
3 2044 2045 2046
3 2047 2049 2050
3 2051 2052 2054
3 2055 2057 2059
3 2060 2061 2062
3 2064 2065 2066
3 2067 2068 2070
3 2072 2074 2075
3 2076 2080 2081
3 2082 2083 2084
3 2085 2086 2087
3 2088 2089 2091
3 2094 2095 2096
3 2097 2098 2100
3 2101 2102 2104
3 2105 2106 2107
3 2108 2109 2110
3 2112 2115 2116
3 2117 2120 2121
3 2122 2123 2124
3 2125 2126 2127
3 2128 2129 2131
3 2134 2136 2137
3 2138 2140 2141
3 2142 2143 2144
3 2146 2147 2148
3 2149 2152 2153
3 2154 2155 2157
3 2159 2160 2161
3 2162 2163 2164
3 2165 2166 2167
3 2168 2169 2170
3 2171 2172 2173
3 2175 2176 2178
3 2179 2181 2183
3 2184 2185 2186
3 2190 2191 2192
3 2193 2194 2195
3 2196 2198 2199
3 2200 2201 2202
3 2203 2204 2205
3 2206 2207 2210
3 2211 2212 2213
3 2215 2216 2218
3 2220 2221 2222
3 2224 2225 2226
3 2227 2228 2229
3 2230 2231 2232
3 2234 2235 2236
3 2237 2239 2240
3 2241 2242 2243
3 2244 2245 2246
3 2248 2249 2252
3 2253 2254 2255
3 2259 2260 2262
3 2264 2265 2266
3 2267 2268 2269
3 2270 2271 2272
3 2274 2275 2277
3 2278 2279 2280
3 2281 2282 2283
3 2285 2288 2289
3 2291 2292 2293
3 2294 2295 2296
3 2297 2298 2299
3 2300 2301 2303
3 2304 2305 2306
3 2307 2308 2309
3 2310 2311 2313
3 2314 2316 2318
3 2320 2323 2324
3 2325 2326 2327
3 2328 2329 2330
3 2331 2332 2333
3 2334 2335 2337
3 2340 2342 2343
3 2344 2345 2347
3 2348 2349 2351
3 2352 2353 2354
3 2356 2357 2358
3 2359 2363 2364
3 2365 2367 2368
3 2370 2372 2373
3 2375 2376 2377
3 2378 2379 2380
3 2381 2382 2383
3 2384 2385 2386
3 2388 2389 2390
3 2393 2395 2398
3 2399 2400 2401
3 2402 2405 2406
3 2407 2409 2410
3 2412 2415 2417
3 2418 2420 2422
3 2423 2424 2425
3 2426 2427 2428
3 2431 2432 2433
3 2435 2436 2437
3 2439 2442 2443
3 2444 2447 2451
3 2452 2453 2454
3 2456 2457 2459
3 2461 2462 2463
3 2464 2466 2467
3 2468 2469 2470
3 2472 2473 2474
3 2475 2476 2480
3 2481 2483 2484
3 2485 2486 2488
3 2489 2490 2492
3 2495 2498 2499
3 2500 2502 2503
3 2504 2505 2506
3 2508 2509 2510
3 2511 2512 2513
3 2514 2515 2516
3 2517 2518 2520
3 2521 2522 2523
3 2525 2526 2527
3 2529 2530 2531
3 2532 2533 2535
3 2536 2537 2538
3 2540 2541 2543
3 2544 2545 2546
3 2548 2549 2550
3 2551 2552 2553
3 2554 2555 2556
3 2557 2558 2560
3 2561 2562 2563
3 2564 2565 2566
3 2567 2568 2569
3 2570 2571 2572
3 2573 2575 2577
3 2578 2579 2582
3 2583 2584 2585
3 2586 2587 2589
3 2590 2591 2592
3 2594 2595 2596
3 2597 2598 2600
3 2601 2602 2603
3 2604 2607 2608
3 2610 2611 2612
3 2614 2619 2620
3 2621 2622 2627
3 2628 2629 2630
3 2632 2633 2634
3 2635 2636 2642
3 2645 2647 2649
3 2650 2651 2652
3 2653 2656 2657
3 2658 2659 2660
3 2661 2662 2663
3 2664 2665 2666
3 2668 2669 2671
3 2672 2673 2674
3 2676 2678 2680
3 2681 2683 2685
3 2686 2687 2688
3 2689 2691 2692
3 2693 2694 2695
3 2696 2697 2698
3 2700 2701 2702
3 2703 2704 2705
3 2706 2707 2709
3 2711 2712 2713
3 2715 2716 2717
3 2718 2722 2723
3 2724 2725 2726
3 2727 2728 2730
3 2731 2732 2733
3 2734 2736 2739
3 2740 2741 2743
3 2745 2746 2747
3 2749 2750 2751
3 2752 2754 2756
3 2757 2758 2759
3 2762 2763 2765
3 2766 2769 2770
3 2771 2772 2773
3 2775 2776 2781
3 2782 2783 2785
3 2786 2789 2790
3 2793 2794 2795
3 2796 2797 2798
3 2799 2800 2801
3 2802 2803 2804
3 2805 2806 2807
3 2808 2809 2810
3 2811 2812 2814
3 2817 2819 2821
3 2823 2824 2825
3 2827 2828 2829
3 2831 2834 2835
3 2836 2837 2838
3 2839 2841 2842
3 2843 2847 2848
3 2852 2854 2858
3 2859 2860 2861
3 2862 2863 2866
3 2870 2872 2873
3 2874 2875 2876
3 2877 2878 2879
3 2881 2882 2883
3 2884 2885 2886
3 2887 2888 2889
3 2890 2891 2892
3 2895 2897 2898
3 2899 2900 2902
3 2903 2905 2906
3 2907 2908 2909
3 2910 2911 2912
3 2913 2916 2919
3 2920 2921 2922
3 2924 2925 2927
3 2928 2929 2930
3 2931 2932 2933
3 2934 2935 2936
3 2937 2939 2941
3 2942 2944 2946
3 2947 2948 2949
3 2950 2951 2952
3 2953 2954 2955
3 2956 2957 2959
3 2961 2962 2963
3 2964 2966 2967
3 2968 2970 2972
3 2974 2976 2977
3 2978 2980 2982
3 2983 2985 2987
3 2988 2990 2993
3 2994 2996 2997
3 2999 3001 3002
3 3004 3006 3008
3 3011 3012 3015
3 3016 3017 3018
3 3019 3020 3021
3 3022 3023 3024
3 3025 3026 3027
3 3028 3029 3030
3 3031 3033 3035
3 3037 3038 3039
3 3041 3042 3044
3 3046 3047 3048
3 3049 3050 3051
3 3052 3053 3054
3 3055 3057 3058
3 3059 3060 3062
3 3064 3066 3068
3 3070 3072 3073
3 3074 3075 3076
3 3077 3078 3079
3 3080 3082 3083
3 3084 3085 3086
3 3087 3088 3089
3 3090 3091 3092
3 3095 3096 3097
3 3099 3102 3104
3 3105 3106 3107
3 3108 3109 3110
3 3111 3112 3114
3 3115 3117 3118
3 3119 3120 3121
3 3122 3123 3124
3 3125 3126 3127
3 3129 3131 3132
3 3133 3134 3135
3 3136 3137 3138
3 3141 3142 3144
3 3145 3146 3147
3 3149 3150 3153
3 3154 3155 3156
3 3157 3158 3161
3 3164 3165 3167
3 3169 3170 3172
3 3173 3174 3176
3 3177 3178 3179
3 3186 3187 3188
3 3189 3191 3193
3 3194 3195 3196
3 3199 3201 3202
3 3203 3205 3208
3 3209 3210 3211
3 3212 3213 3214
3 3216 3217 3218
3 3219 3220 3222
3 3223 3225 3226
3 3227 3228 3229
3 3233 3234 3235
3 3237 3239 3240
3 3242 3243 3244
3 3246 3247 3248
3 3251 3253 3254
3 3255 3256 3257
3 3258 3259 3260
3 3261 3262 3263
3 3265 3266 3267
3 3268 3270 3271
3 3272 3273 3274
3 3275 3276 3278
3 3279 3280 3281
3 3284 3286 3290
3 3292 3293 3295
3 3296 3297 3299
3 3300 3301 3302
3 3306 3307 3308
3 3309 3310 3311
3 3312 3313 3314
3 3315 3316 3318
3 3320 3321 3322
3 3323 3324 3325
3 3326 3327 3328
3 3329 3330 3331
3 3332 3333 3334
3 3335 3337 3338
3 3339 3340 3341
3 3343 3344 3346
3 3347 3348 3349
3 3350 3352 3353
3 3355 3356 3357
3 3358 3360 3361
3 3362 3363 3364
3 3366 3367 3368
3 3369 3370 3371
3 3373 3374 3375
3 3376 3379 3381
3 3382 3383 3385
3 3386 3389 3391
3 3392 3394 3395
3 3396 3398 3399
3 3400 3401 3402
3 3405 3407 3409
3 3411 3412 3413
3 3414 3415 3416
3 3417 3419 3420
3 3422 3423 3424
3 3425 3426 3427
3 3428 3431 3434
3 3437 3438 3439
3 3440 3442 3443
3 3444 3445 3446
3 3447 3449 3450
3 3451 3453 3454
3 3455 3457 3458
3 3463 3464 3466
3 3467 3469 3471
3 3472 3473 3474
3 3475 3476 3477
3 3478 3479 3480
3 3481 3482 3483
3 3484 3485 3486
3 3487 3488 3491
3 3492 3493 3494
3 3495 3496 3497
3 3498 3499 3500
3 3502 3503 3504
3 3505 3506 3508
3 3509 3511 3513
3 3515 3516 3517
3 3518 3519 3521
3 3522 3523 3526
3 3527 3528 3529
3 3530 3531 3534
3 3536 3539 3540
3 3541 3542 3543
3 3544 3546 3547
3 3549 3552 3553
3 3554 3555 3557
3 3558 3559 3561
3 3563 3564 3565
3 3566 3567 3568
3 3570 3573 3577
3 3578 3579 3580
3 3581 3582 3583
3 3584 3585 3586
3 3587 3588 3590
4 3591 3593 3595 3596
4 3598 3600 3602 3607
4 3608 3610 3611 3612
4 3615 3616 3617 3618
4 3619 3620 3621 3623
4 3624 3625 3626 3628
4 3629 3632 3633 3635
4 3636 3637 3638 3639
4 3640 3641 3643 3644
4 3645 3647 3648 3649
4 3651 3654 3655 3656
4 3657 3658 3662 3663
4 3664 3665 3667 3668
4 3669 3671 3672 3673
4 3674 3675 3677 3678
4 3679 3680 3681 3683
4 3684 3685 3686 3688
4 3689 3690 3691 3692
4 3693 3694 3695 3696
4 3697 3698 3700 3704
4 3705 3707 3708 3712
4 3714 3715 3716 3717
4 3718 3719 3721 3722
4 3724 3727 3728 3730
4 3731 3734 3735 3736
4 3739 3741 3743 3744
4 3745 3746 3747 3748
4 3749 3750 3752 3753
4 3754 3756 3757 3758
4 3759 3760 3761 3762
4 3763 3765 3768 3769
4 3772 3773 3775 3777
4 3780 3781 3782 3783
4 3784 3785 3787 3788
4 3789 3790 3791 3792
4 3793 3794 3795 3796
4 3798 3799 3801 3802
4 3803 3804 3806 3807
4 3808 3809 3810 3811
4 3812 3813 3816 3817
4 3818 3819 3820 3821
4 3822 3823 3824 3825
4 3827 3828 3830 3834
4 3835 3837 3838 3839
4 3840 3841 3842 3843
4 3844 3845 3846 3847
4 3848 3849 3852 3853
4 3854 3856 3857 3859
4 3860 3861 3862 3863
4 3865 3866 3867 3869
4 3870 3871 3873 3875
4 3877 3878 3879 3880
4 3882 3883 3884 3885
4 3887 3888 3889 3890
4 3891 3892 3893 3894
4 3895 3896 3897 3898
4 3899 3901 3902 3903
4 3904 3905 3906 3907
4 3909 3911 3912 3913
4 3914 3916 3917 3918
4 3922 3924 3925 3926
4 3927 3928 3929 3930
4 3932 3933 3935 3936
4 3939 3940 3941 3942
4 3943 3944 3945 3947
4 3948 3949 3950 3951
4 3953 3956 3961 3963
4 3965 3966 3968 3969
4 3972 3973 3975 3977
4 3978 3980 3983 3984
4 3985 3987 3988 3990
4 3991 3992 3993 3994
4 3995 3997 4000 4001
4 4002 4004 4005 4006
4 4007 4009 4011 4012
4 4013 4014 4016 4018
4 4019 4020 4022 4025
4 4026 4027 4028 4030
4 4031 4032 4034 4035
4 4036 4037 4038 4040
4 4041 4042 4043 4044
4 4046 4047 4048 4050
4 4052 4053 4054 4055
4 4056 4057 4058 4059
4 4060 4062 4063 4064
4 4065 4066 4069 4074
4 4076 4077 4078 4079
4 4080 4082 4088 4089
4 4090 4091 4092 4093
4 4094 4095 4097 4098
4 4099 4100 4102 4103
4 4104 4106 4107 4108
4 4109 4110 4112 4113
4 4115 4116 4120 4121
4 4122 4123 4124 4126
4 4127 4128 4131 4132
4 4133 4134 4135 4136
4 4137 4138 4139 4141
4 4142 4143 4144 4147
4 4148 4149 4150 4151
4 4153 4155 4156 4157
4 4158 4160 4161 4163
4 4164 4165 4167 4169
4 4170 4172 4173 4174
4 4175 4176 4177 4179
4 4184 4185 4187 4188
4 4191 4193 4194 4195
4 4196 4197 4198 4200
4 4202 4205 4206 4208
4 4209 4211 4214 4215
4 4216 4217 4218 4219
4 4220 4221 4222 4224
4 4226 4227 4228 4229
4 4230 4231 4232 4233
4 4234 4235 4236 4237
4 4238 4239 4240 4243
4 4244 4245 4246 4247
4 4248 4249 4251 4252
4 4254 4255 4256 4257
4 4258 4259 4260 4262
4 4263 4266 4267 4269
4 4271 4272 4273 4274
4 4277 4279 4280 4283
4 4284 4285 4286 4287
4 4290 4291 4292 4293
4 4294 4297 4298 4299
4 4300 4301 4305 4307
4 4308 4309 4311 4312
4 4313 4314 4317 4318
4 4320 4321 4322 4323
4 4325 4326 4327 4328
4 4330 4331 4333 4334
4 4335 4337 4339 4340
4 4341 4344 4345 4351
4 4352 4353 4354 4355
4 4356 4357 4358 4359
4 4360 4361 4363 4365
4 4367 4369 4371 4372
4 4373 4374 4375 4376
4 4377 4379 4381 4384
4 4386 4387 4388 4389
4 4390 4392 4393 4394
4 4398 4399 4400 4402
4 4403 4405 4406 4407
4 4408 4409 4410 4411
4 4412 4413 4414 4415
4 4416 4417 4419 4421
4 4422 4423 4425 4426
4 4427 4428 4430 4433
4 4434 4435 4436 4438
4 4439 4440 4441 4442
4 4443 4444 4445 4447
4 4449 4450 4451 4452
4 4453 4456 4457 4458
4 4461 4464 4465 4466
4 4467 4468 4469 4470
4 4473 4474 4475 4477
4 4478 4479 4480 4482
4 4483 4486 4487 4488
4 4489 4490 4491 4494
4 4495 4496 4498 4500
4 4501 4502 4504 4505
4 4506 4507 4508 4509
4 4511 4512 4513 4514
4 4516 4517 4518 4519
4 4520 4521 4522 4523
4 4524 4525 4527 4529
4 4530 4531 4532 4533
4 4534 4535 4537 4538
4 4544 4545 4546 4547
4 4548 4549 4550 4551
4 4553 4554 4555 4556
4 4557 4558 4559 4561
4 4562 4563 4564 4565
4 4567 4568 4570 4571
4 4572 4573 4574 4575
4 4577 4578 4579 4581
4 4582 4583 4584 4588
4 4591 4592 4594 4595
4 4596 4598 4599 4600
4 4602 4604 4605 4607
4 4609 4610 4611 4612
4 4613 4614 4616 4617
4 4618 4619 4620 4621
4 4622 4623 4625 4627
4 4628 4630 4631 4632
4 4633 4634 4635 4636
4 4637 4638 4639 4640
4 4641 4642 4644 4645
4 4646 4648 4649 4650
4 4651 4653 4655 4656
4 4657 4658 4659 4660
4 4661 4662 4663 4664
4 4666 4667 4668 4669
4 4670 4671 4672 4675
4 4676 4678 4679 4681
4 4684 4685 4688 4689
4 4690 4691 4692 4693
4 4694 4695 4696 4699
4 4701 4702 4703 4704
4 4705 4706 4708 4709
4 4710 4711 4712 4713
4 4714 4715 4716 4717
4 4718 4720 4721 4723
4 4724 4725 4726 4727
4 4728 4731 4732 4733
4 4734 4735 4736 4737
4 4738 4739 4740 4741
4 4742 4746 4747 4750
4 4752 4754 4756 4757
4 4758 4761 4762 4763
4 4764 4766 4767 4768
4 4769 4770 4771 4773
4 4774 4775 4777 4780
4 4781 4782 4783 4786
4 4787 4788 4789 4790
4 4791 4792 4793 4794
4 4795 4796 4797 4798
4 4801 4802 4804 4806
4 4807 4808 4810 4811
4 4813 4814 4818 4819
4 4821 4822 4823 4826
4 4827 4828 4829 4830
4 4832 4833 4834 4837
4 4839 4840 4841 4842
4 4843 4845 4846 4847
4 4848 4850 4851 4852
4 4854 4855 4856 4857
4 4858 4859 4860 4861
4 4863 4865 4867 4868
4 4870 4871 4873 4874
4 4875 4876 4877 4879
4 4880 4882 4883 4884
4 4885 4886 4887 4888
4 4890 4891 4892 4893
4 4894 4895 4896 4898
4 4899 4902 4904 4906
4 4907 4910 4911 4912
4 4913 4914 4916 4917
4 4918 4919 4920 4922
4 4923 4924 4925 4926
4 4928 4929 4930 4932
4 4933 4935 4936 4937
4 4938 4939 4940 4942
4 4943 4944 4946 4948
4 4949 4950 4951 4952
4 4953 4954 4956 4957
4 4958 4959 4960 4961
4 4962 4963 4964 4965
4 4966 4967 4969 4971
4 4972 4973 4975 4976
4 4977 4978 4979 4980
4 4981 4982 4983 4985
4 4986 4987 4988 4989
4 4990 4992 4993 4994
4 4995 4996 4997 5001
4 5003 5005 5006 5007
4 5008 5009 5010 5012
4 5013 5014 5015 5017
4 5018 5019 5020 5021
4 5023 5024 5026 5027
4 5028 5029 5030 5032
4 5034 5035 5036 5038
4 5040 5041 5042 5043
4 5044 5045 5046 5047
4 5048 5049 5051 5052
4 5053 5055 5056 5057
4 5058 5059 5060 5061
4 5063 5064 5066 5067
4 5068 5070 5072 5073
4 5074 5077 5079 5080
4 5081 5082 5083 5085
4 5086 5088 5090 5091
4 5094 5095 5096 5097
4 5098 5099 5100 5101
4 5104 5105 5106 5107
4 5108 5111 5113 5117
4 5118 5120 5121 5122
4 5123 5124 5125 5127
4 5128 5129 5131 5132
4 5133 5134 5135 5136
4 5137 5138 5140 5141
4 5142 5146 5147 5148
4 5149 5150 5151 5153
4 5155 5156 5157 5158
4 5159 5160 5161 5162
4 5163 5164 5166 5167
4 5168 5169 5170 5171
4 5172 5173 5174 5175
4 5176 5177 5178 5179
4 5180 5181 5182 5183
4 5185 5187 5188 5189
4 5190 5191 5192 5193
4 5196 5197 5198 5199
4 5200 5201 5203 5205
4 5206 5207 5208 5209
4 5210 5211 5212 5213
4 5214 5215 5218 5219
4 5220 5222 5224 5225
4 5227 5229 5231 5233
4 5234 5235 5236 5237
4 5238 5239 5240 5241
4 5242 5244 5245 5246
4 5247 5250 5251 5252
4 5253 5254 5255 5256
4 5257 5259 5260 5262
4 5263 5265 5266 5267
4 5268 5271 5272 5273
4 5274 5275 5276 5277
4 5278 5279 5280 5281
4 5282 5285 5286 5287
4 5293 5294 5295 5296
4 5297 5298 5299 5302
4 5304 5308 5309 5310
4 5311 5313 5316 5317
4 5321 5322 5323 5324
4 5325 5327 5328 5329
4 5330 5331 5332 5333
4 5336 5338 5339 5340
4 5341 5342 5343 5345
4 5346 5347 5349 5350
4 5351 5353 5355 5356
4 5357 5358 5359 5360
4 5361 5362 5363 5364
4 5365 5366 5368 5370
4 5371 5373 5375 5376
4 5377 5378 5379 5380
4 5382 5383 5384 5386
4 5387 5388 5389 5391
4 5395 5397 5398 5399
4 5400 5401 5404 5406
4 5407 5409 5410 5413
4 5415 5416 5417 5418
4 5419 5420 5421 5422
4 5423 5424 5426 5427
4 5428 5429 5430 5432
4 5436 5437 5439 5441
4 5442 5443 5444 5446
4 5448 5449 5451 5453
4 5456 5457 5458 5460
4 5461 5462 5463 5464
4 5465 5466 5467 5469
4 5470 5471 5472 5473
4 5474 5476 5479 5480
4 5481 5482 5483 5485
4 5487 5488 5489 5491
4 5492 5493 5494 5495
4 5496 5498 5499 5503
4 5504 5505 5508 5509
4 5510 5511 5512 5513
4 5514 5515 5516 5517
4 5518 5521 5522 5523
4 5526 5527 5528 5529
4 5530 5531 5533 5534
4 5535 5536 5537 5538
4 5539 5540 5542 5543
4 5544 5545 5547 5548
4 5549 5550 5551 5553
4 5554 5556 5557 5558
4 5559 5563 5566 5568
4 5569 5570 5573 5574
4 5576 5577 5578 5579
4 5580 5581 5583 5584
4 5585 5586 5588 5589
4 5591 5592 5593 5594
4 5595 5596 5598 5599
4 5600 5601 5602 5603
4 5604 5606 5607 5608
4 5609 5610 5611 5612
4 5613 5614 5615 5616
4 5617 5619 5621 5622
4 5624 5625 5627 5628
4 5631 5632 5633 5635
4 5636 5639 5640 5641
4 5642 5643 5644 5649
4 5651 5652 5653 5655
4 5657 5658 5660 5661
4 5663 5664 5665 5666
4 5668 5670 5671 5672
4 5674 5675 5676 5677
4 5678 5680 5681 5682
4 5683 5685 5686 5689
4 5690 5691 5692 5693
4 5694 5696 5697 5698
4 5699 5700 5701 5702
4 5705 5709 5710 5713
4 5714 5717 5718 5719
4 5720 5721 5722 5723
4 5724 5725 5726 5727
4 5728 5729 5730 5731
4 5732 5733 5734 5736
4 5739 5740 5741 5742
4 5744 5745 5747 5748
4 5749 5750 5751 5752
4 5753 5754 5755 5756
4 5757 5758 5760 5763
4 5765 5766 5767 5769
4 5770 5771 5772 5773
4 5774 5776 5777 5778
4 5779 5781 5782 5783
4 5785 5786 5787 5788
4 5789 5790 5791 5792
4 5793 5794 5796 5798
4 5799 5800 5802 5803
4 5804 5807 5808 5809
4 5811 5812 5813 5814
4 5815 5816 5817 5819
4 5820 5822 5823 5824
4 5825 5828 5829 5831
4 5832 5833 5834 5835
4 5836 5837 5838 5839
4 5840 5842 5844 5845
4 5847 5848 5849 5850
4 5851 5852 5853 5854
4 5856 5859 5860 5862
4 5863 5864 5865 5868
4 5869 5870 5872 5873
4 5874 5875 5876 5877
4 5879 5881 5882 5883
4 5884 5885 5886 5887
4 5889 5890 5891 5892
4 5895 5896 5897 5898
4 5899 5900 5901 5902
4 5903 5904 5905 5906
4 5907 5908 5909 5910
4 5911 5912 5913 5914
4 5915 5916 5917 5918
4 5919 5920 5921 5924
4 5925 5926 5928 5929
4 5931 5935 5936 5938
4 5939 5940 5941 5943
4 5944 5945 5946 5947
4 5948 5949 5950 5951
4 5952 5954 5956 5957
4 5958 5959 5960 5961
4 5962 5963 5964 5965
4 5966 5968 5969 5970
4 5972 5973 5974 5977
4 5978 5979 5980 5981
4 5982 5983 5985 5986
4 5989 5991 5993 5994
4 5995 5996 5997 5998
4 6000 6002 6003 6005
4 6006 6007 6008 6009
4 6010 6012 6014 6015
4 6016 6017 6018 6019
4 6021 6022 6023 6024
4 6025 6026 6027 6028
4 6031 6033 6034 6035
4 6036 6038 6039 6040
4 6042 6044 6046 6049
4 6050 6051 6052 6053
4 6054 6055 6057 6058
4 6060 6062 6063 6064
4 6065 6068 6069 6070
4 6072 6073 6074 6075
4 6076 6077 6078 6079
4 6081 6082 6085 6087
4 6088 6089 6090 6093
4 6094 6095 6096 6097
4 6098 6099 6100 6101
4 6102 6104 6105 6107
4 6108 6109 6110 6111
4 6112 6114 6118 6119
4 6121 6123 6125 6126
4 6127 6128 6129 6130
4 6131 6132 6133 6134
4 6137 6141 6142 6143
4 6144 6145 6146 6147
4 6148 6149 6150 6151
4 6152 6153 6154 6155
4 6156 6157 6158 6160
4 6161 6162 6163 6166
4 6167 6168 6169 6170
4 6171 6174 6175 6176
4 6177 6178 6179 6180
4 6183 6184 6185 6186
4 6187 6188 6189 6191
4 6192 6193 6195 6196
4 6197 6198 6199 6201
4 6202 6203 6205 6206
4 6208 6209 6210 6212
4 6213 6215 6216 6219
4 6220 6222 6223 6224
4 6225 6226 6227 6228
4 6229 6230 6231 6232
4 6233 6234 6237 6239
4 6240 6242 6243 6244
4 6245 6246 6247 6248
4 6252 6253 6254 6255
4 6256 6257 6258 6259
4 6260 6261 6262 6263
4 6264 6265 6266 6268
4 6269 6270 6272 6273
4 6274 6275 6277 6278
4 6279 6280 6281 6282
4 6283 6284 6285 6288
4 6289 6290 6291 6293
4 6294 6296 6297 6300
4 6301 6302 6304 6305
4 6306 6307 6308 6309
4 6311 6312 6313 6314
4 6315 6316 6319 6320
4 6321 6323 6324 6326
4 6328 6329 6330 6331
4 6332 6334 6336 6337
4 6339 6340 6341 6342
4 6343 6344 6345 6348
4 6350 6351 6352 6353
4 6354 6356 6357 6358
4 6359 6361 6363 6364
4 6365 6366 6367 6368
4 6370 6371 6373 6374
4 6375 6377 6378 6379
4 6380 6381 6382 6384
4 6387 6389 6390 6391
4 6392 6393 6395 6396
4 6398 6400 6401 6402
4 6403 6404 6405 6406
4 6407 6409 6410 6411
4 6412 6414 6415 6416
4 6417 6419 6420 6421
4 6425 6426 6427 6428
4 6429 6430 6432 6434
4 6435 6436 6438 6441
4 6442 6443 6444 6445
4 6446 6447 6448 6450
4 6451 6452 6453 6454
4 6456 6457 6458 6459
4 6460 6462 6463 6466
4 6467 6468 6470 6471
4 6472 6473 6474 6476
4 6477 6478 6479 6480
4 6481 6483 6484 6485
4 6488 6490 6491 6492
4 6493 6494 6495 6496
4 6497 6498 6499 6500
4 6501 6504 6505 6506
4 6507 6508 6509 6510
4 6511 6512 6513 6514
4 6516 6517 6518 6519
4 6520 6521 6522 6524
4 6526 6527 6528 6529
4 6531 6533 6534 6535
4 6536 6537 6539 6540
4 6541 6542 6543 6544
4 6545 6547 6549 6550
4 6551 6553 6554 6556
4 6557 6558 6559 6560
4 6562 6563 6565 6566
4 6567 6569 6570 6571
4 6572 6574 6576 6577
4 6578 6579 6580 6581
4 6582 6583 6584 6585
4 6586 6590 6591 6592
4 6593 6595 6596 6600
4 6602 6604 6605 6606
4 6607 6610 6611 6612
4 6613 6614 6615 6616
4 6617 6618 6619 6620
4 6621 6622 6623 6625
4 6627 6628 6629 6630
4 6631 6632 6633 6634
4 6635 6636 6637 6638
4 6639 6640 6643 6644
4 6645 6647 6648 6649
4 6650 6651 6652 6654
4 6655 6656 6659 6660
4 6661 6662 6664 6666
4 6668 6669 6670 6671
4 6673 6674 6675 6676
4 6677 6678 6679 6680
4 6681 6682 6683 6684
4 6685 6686 6690 6692
4 6693 6694 6697 6698
4 6699 6700 6701 6702
4 6703 6704 6705 6706
4 6707 6708 6709 6711
4 6713 6714 6715 6718
4 6719 6720 6721 6723
4 6724 6725 6726 6727
4 6730 6731 6733 6734
4 6735 6737 6738 6739
4 6740 6741 6742 6743
4 6744 6745 6746 6747